dihedral 18 17 19 21 200 2.6158032417297363
dihedral 29 28 30 32 200 -3.2378296852111816
dihedral 39 38 40 42 200 -13.900019645690918
dihedral 55 54 56 58 200 -6.627345085144043
dihedral 79 78 80 82 200 -11.133148193359375
dihedral 100 99 101 103 200 0.1178215891122818
dihedral 107 106 108 110 200 -1.9844326972961426
dihedral 122 121 123 125 200 2.5725889205932617
dihedral 132 131 133 135 200 9.594815254211426
dihedral 139 138 140 142 200 -6.486790180206299
dihedral 158 157 159 161 200 -10.181533813476563
dihedral 168 167 169 171 200 -7.501802444458008
dihedral 189 188 190 192 200 6.065934658050537
dihedral 196 195 197 199 200 -0.9593149423599243
dihedral 208 207 209 211 200 15.451515197753906
dihedral 230 229 231 233 200 6.841197490692139
dihedral 254 253 255 257 200 -16.4127197265625
dihedral 275 274 276 278 200 -5.303543567657471
dihedral 289 288 290 292 200 -0.27769383788108826
dihedral 299 298 300 302 200 -2.2047553062438965
dihedral 314 313 315 317 200 -1.6288678646087646
dihedral 335 334 336 338 200 5.842399597167969
dihedral 346 345 347 349 200 -3.4941484928131104
dihedral 353 352 354 358 200 -3.753803253173828
dihedral 367 366 368 372 200 -1.8772029876708984
dihedral 381 380 382 384 200 3.8184735774993896
dihedral 403 402 404 408 200 -0.8873633742332458
dihedral 417 416 418 420 200 -1.4232043027877808
dihedral 436 435 437 441 200 -5.5706095695495605
dihedral 450 449 451 453 200 2.399927854537964
dihedral 472 471 473 475 200 1.7587604522705078
dihedral 484 483 485 487 200 -5.8388752937316895
dihedral 491 490 492 494 200 5.0994415283203125
dihedral 512 511 513 515 200 -3.620091676712036
dihedral 524 523 525 527 200 0.5700274109840393
dihedral 543 542 544 546 200 4.242564678192139
dihedral 559 558 560 562 200 0.43784868717193604
dihedral 576 575 577 579 200 3.778642416000366
dihedral 591 590 592 594 200 12.011823654174805
dihedral 610 609 611 613 200 10.680896759033203
dihedral 620 619 621 625 200 3.8550963401794434
dihedral 634 633 635 637 200 -4.278242588043213
dihedral 641 640 642 644 200 -2.2559523582458496
dihedral 661 660 662 664 200 11.065509796142578
dihedral 681 680 682 684 200 -0.09172427654266357
dihedral 701 700 702 704 200 -2.575904130935669
dihedral 708 707 709 711 200 0.5559181571006775
dihedral 722 721 723 725 200 -0.2991221249103546
dihedral 738 737 739 741 200 0.15362811088562012
dihedral 749 748 750 752 200 7.1393351554870605
dihedral 768 767 769 771 200 -5.4161272048950195
dihedral 778 777 779 781 200 -8.711217880249023
dihedral 788 787 789 791 200 -7.438530445098877
dihedral 800 799 801 803 200 2.8092284202575684
dihedral 816 815 817 819 200 -1.5609076023101807
dihedral 840 839 841 843 200 0.6601168513298035
dihedral 857 856 858 860 200 -2.774388074874878
dihedral 876 875 877 879 200 -3.7882189750671387
dihedral 893 892 894 896 200 -0.9606970548629761
dihedral 907 906 908 910 200 -4.253050804138184
dihedral 926 925 927 929 200 0.5894332528114319
dihedral 948 947 949 951 200 5.538935661315918
dihedral 960 959 961 963 200 5.375878810882568
dihedral 974 973 975 977 200 6.973820686340332
dihedral 993 992 994 996 200 8.586633682250977
dihedral 1010 1009 1011 1013 200 4.152919292449951
dihedral 1029 1028 1030 1034 200 -7.750124454498291
dihedral 1043 1042 1044 1046 200 -2.362809658050537
dihedral 1062 1061 1063 1065 200 1.612264633178711
dihedral 1079 1078 1080 1082 200 11.321649551391602
dihedral 1099 1098 1100 1102 200 10.488134384155273
dihedral 1118 1117 1119 1121 200 12.255369186401367
dihedral 1129 1128 1130 1132 200 3.380565881729126
dihedral 1153 1152 1154 1156 200 1.7087671756744385
dihedral 1163 1162 1164 1168 200 6.656554222106934
dihedral 1177 1176 1178 1180 200 1.1223136186599731
dihedral 1188 1187 1189 1191 200 -3.593428611755371
dihedral 1198 1197 1199 1201 200 2.0819461345672607
dihedral 1218 1217 1219 1221 200 2.636793613433838
dihedral 1239 1238 1240 1242 200 0.14873404800891876
dihedral 1253 1252 1254 1256 200 0.4511292278766632
dihedral 1272 1271 1273 1275 200 -2.5321128368377686
dihedral 1291 1290 1292 1294 200 4.509704113006592
dihedral 1305 1304 1306 1308 200 -4.7765116691589355
dihedral 1324 1323 1325 1327 200 1.9574620723724365
dihedral 1344 1343 1345 1347 200 -3.4571261405944824
dihedral 1354 1353 1355 1357 200 1.5766328573226929
dihedral 1369 1368 1370 1372 200 -1.5210551023483276
dihedral 1388 1387 1389 1391 200 8.693047523498535
dihedral 1402 1401 1403 1405 200 17.757123947143555
dihedral 1412 1411 1413 1415 200 7.075822830200195
dihedral 1423 1422 1424 1428 200 -1.5211602449417114
dihedral 1437 1436 1438 1440 200 -6.6141791343688965
dihedral 1461 1460 1462 1464 200 -0.9425570368766785
dihedral 1478 1477 1479 1481 200 2.4037320613861084
dihedral 1489 1488 1490 1492 200 -3.4923126697540283
dihedral 1506 1505 1507 1509 200 4.949153900146484
dihedral 1526 1525 1527 1529 200 -2.6337051391601563
dihedral 1545 1544 1546 1548 200 -1.2536882162094116
dihedral 1559 1558 1560 1562 200 2.193220376968384
dihedral 1575 1574 1576 1578 200 2.8742196559906006
dihedral 1589 1588 1590 1592 200 -2.4218945503234863
dihedral 1599 1598 1600 1602 200 0.09735151380300522
dihedral 1613 1612 1614 1616 200 -13.48927116394043
dihedral 1628 1627 1629 1631 200 4.02770471572876
dihedral 1640 1639 1641 1643 200 -14.969322204589844
dihedral 1661 1660 1662 1664 200 -2.1735763549804688
dihedral 1677 1676 1678 1680 200 -8.384315490722656
dihedral 1689 1688 1690 1694 200 -2.163651466369629
dihedral 1703 1702 1704 1706 200 1.6867101192474365
dihedral 1719 1718 1720 1722 200 6.632728099822998
dihedral 1733 1732 1734 1736 200 9.888325691223145
dihedral 1747 1746 1748 1750 200 -7.276523113250732
dihedral 1764 1763 1765 1767 200 0.40852776169776917
dihedral 1778 1777 1779 1781 200 -15.773990631103516
dihedral 1800 1799 1801 1803 200 8.247350692749023
dihedral 1814 1813 1815 1817 200 -12.213000297546387
dihedral 1828 1827 1829 1831 200 -16.173234939575195
dihedral 1844 1843 1845 1847 200 4.270205020904541
dihedral 1866 1865 1867 1869 200 -6.133471965789795
dihedral 1881 1880 1882 1884 200 -8.791097640991211
dihedral 1900 1899 1901 1903 200 2.6285548210144043
dihedral 1917 1916 1918 1920 200 7.006393909454346
dihedral 1938 1937 1939 1941 200 -1.4995794296264648
dihedral 1959 1958 1960 1962 200 8.354476928710938
dihedral 1975 1974 1976 1978 200 -3.1146626472473145
dihedral 1982 1981 1983 1985 200 -7.137502193450928
dihedral 1999 1998 2000 2002 200 -1.0006991624832153
dihedral 2010 2009 2011 2013 200 0.856888473033905
dihedral 2030 2029 2031 2033 200 3.562894821166992
dihedral 2040 2039 2041 2043 200 -0.731911301612854
dihedral 2054 2053 2055 2057 200 -1.586425542831421
dihedral 2064 2063 2065 2067 200 -5.102881908416748
dihedral 2081 2080 2082 2084 200 -0.7982503771781921
dihedral 2102 2101 2103 2105 200 0.18047602474689484
dihedral 2116 2115 2117 2119 200 1.4588007926940918
dihedral 2126 2125 2127 2129 200 8.200634002685547
dihedral 2136 2135 2137 2139 200 12.831583023071289
dihedral 2160 2159 2161 2163 200 -1.22667396068573
dihedral 2172 2171 2173 2175 200 2.2617902755737305
dihedral 2188 2187 2189 2191 200 -0.08615042269229889
dihedral 2203 2202 2204 2206 200 0.00879362691193819
dihedral 2213 2212 2214 2218 200 -0.4483461081981659
dihedral 2227 2226 2228 2230 200 -0.014468135312199593
dihedral 2238 2237 2239 2241 200 -0.04769997298717499
dihedral 2249 2248 2250 2252 200 0.09104197472333908
dihedral 2263 2262 2264 2266 200 -0.01877646893262863
dihedral 2275 2274 2276 2278 200 -0.09533867985010147
dihedral 2297 2296 2298 2300 200 0.032419659197330475
dihedral 2307 2306 2308 2310 200 0.05813181400299072
dihedral 2326 2325 2327 2329 200 -3.267324924468994
dihedral 2333 2332 2334 2336 200 0.4998036324977875
dihedral 2352 2351 2353 2355 200 0.5362537503242493
dihedral 2371 2370 2372 2374 200 11.719690322875977
dihedral 2381 2380 2382 2384 200 -0.42454102635383606
dihedral 2388 2387 2389 2391 200 0.1493416279554367
dihedral 2410 2409 2411 2413 200 -3.1226789951324463
dihedral 2422 2421 2423 2425 200 5.262345314025879
dihedral 2432 2431 2433 2435 200 0.009418625384569168
dihedral 2444 2443 2445 2447 200 -2.926577091217041
dihedral 2454 2453 2455 2457 200 -0.6766746044158936
dihedral 2464 2463 2465 2467 200 -5.094918727874756
dihedral 2478 2477 2479 2481 200 1.1823554039001465
dihedral 2488 2487 2489 2491 200 7.340819358825684
dihedral 2502 2501 2503 2505 200 0.2025981843471527
dihedral 2516 2515 2517 2519 200 -0.847065269947052
dihedral 2540 2539 2541 2543 200 0.09979770332574844
dihedral 2559 2558 2560 2562 200 -1.2612792253494263
dihedral 2574 2573 2575 2577 200 0.35397055745124817
dihedral 2595 2594 2596 2598 200 1.8682291507720947
dihedral 2612 2611 2613 2615 200 2.5413360595703125
dihedral 2632 2631 2633 2635 200 -1.2127074003219604
dihedral 2646 2645 2647 2649 200 1.8340106010437012
dihedral 2668 2667 2669 2671 200 0.9193981289863586
dihedral 2680 2679 2681 2683 200 0.12095480412244797
dihedral 2694 2693 2695 2697 200 -4.039792537689209
dihedral 2701 2700 2702 2704 200 -2.129129648208618
dihedral 2718 2717 2719 2721 200 -2.1474502086639404
dihedral 2728 2727 2729 2733 200 5.816190242767334
dihedral 2742 2741 2743 2745 200 1.735289454460144
dihedral 2762 2761 2763 2765 200 4.991223335266113
dihedral 2776 2775 2777 2779 200 -8.758338928222656
dihedral 2795 2794 2796 2798 200 -0.37100663781166077
dihedral 2809 2808 2810 2814 200 -0.5835239887237549
dihedral 2823 2822 2824 2826 200 -9.04975700378418
dihedral 2839 2838 2840 2842 200 5.438031196594238
dihedral 2859 2858 2860 2862 200 4.281805992126465
dihedral 2870 2869 2871 2873 200 -10.074929237365723
dihedral 2882 2881 2883 2885 200 6.979641437530518
dihedral 2902 2901 2903 2907 200 -8.411383628845215
dihedral 2916 2915 2917 2919 200 2.0235371589660645
dihedral 2932 2931 2933 2935 200 -1.8147729635238647
dihedral 2949 2948 2950 2952 200 -3.1395905017852783
dihedral 2956 2955 2957 2959 200 -6.9557342529296875
dihedral 2973 2972 2974 2976 200 1.099954605102539
dihedral 2988 2987 2989 2993 200 4.214496612548828
dihedral 3002 3001 3003 3005 200 -3.695166826248169
dihedral 3019 3018 3020 3022 200 3.321017026901245
dihedral 3033 3032 3034 3036 200 1.176264762878418
dihedral 3047 3046 3048 3050 200 -10.14396858215332
dihedral 3057 3056 3058 3060 200 0.8261520266532898
dihedral 3071 3070 3072 3074 200 -3.8329579830169678
dihedral 3093 3092 3094 3096 200 -4.7272725105285645
dihedral 3100 3099 3101 3103 200 1.8377524614334106
dihedral 3110 3109 3111 3113 200 -2.16719388961792
dihedral 3122 3121 3123 3125 200 1.7615785598754883
dihedral 3137 3136 3138 3140 200 -9.036359786987305
dihedral 3148 3147 3149 3151 200 -4.392009735107422
dihedral 3164 3163 3165 3167 200 -2.0019595623016357
dihedral 3176 3175 3177 3179 200 7.438207626342773
dihedral 3191 3190 3192 3194 200 2.4698238372802734
dihedral 3207 3206 3208 3210 200 4.2290263175964355
dihedral 3221 3220 3222 3224 200 3.3089606761932373
dihedral 3231 3230 3232 3236 200 -9.450488090515137
dihedral 3245 3244 3246 3248 200 -2.6760499477386475
dihedral 3255 3254 3256 3258 200 0.3326524794101715
dihedral 3266 3265 3267 3269 200 -6.493490219116211
dihedral 3276 3275 3277 3279 200 5.448861598968506
dihedral 3293 3292 3294 3296 200 3.3195176124572754
dihedral 3305 3304 3306 3308 200 0.24353957176208496
dihedral 3315 3314 3316 3318 200 -0.03528996556997299
dihedral 3326 3325 3327 3329 200 0.034038085490465164
dihedral 3345 3344 3346 3348 200 -0.008212011307477951
dihedral 3361 3360 3362 3364 200 0.019868293777108192
dihedral 3371 3370 3372 3374 200 -0.08303406834602356
dihedral 3378 3377 3379 3383 200 179.94869995117188
dihedral 3392 3391 3393 3395 200 -0.0067879678681492805
dihedral 3414 3413 3415 3419 200 -0.06644583493471146
dihedral 3428 3427 3429 3431 200 -0.020274611189961433
dihedral 3445 3444 3446 3450 200 -0.0491604320704937
dihedral 3459 3458 3460 3464 200 0.12074444442987442
dihedral 3473 3472 3474 3478 200 -0.0815422311425209
dihedral 3487 3486 3488 3492 200 0.06859750300645828
dihedral 3501 3500 3502 3506 200 -3.518064260482788
dihedral 3515 3514 3516 3518 200 -1.5967406034469604
dihedral 3525 3524 3526 3530 200 -4.905767917633057
dihedral 3539 3538 3540 3542 200 -4.028314113616943
dihedral 3563 3562 3564 3566 200 -0.1007220521569252
dihedral 3577 3576 3578 3580 200 -0.08734556287527084
dihedral 3596 3595 3597 3599 200 -0.12829360365867615
dihedral 3615 3614 3616 3618 200 0.04547666758298874
dihedral 3622 3621 3623 3625 200 -0.0343543216586113
dihedral 3641 3640 3642 3644 200 0.013977660797536373
dihedral 3653 3652 3654 3656 200 0.015838220715522766
dihedral 3663 3662 3664 3666 200 0.11004633456468582
dihedral 3680 3679 3681 3683 200 0.15513141453266144
dihedral 3701 3700 3702 3704 200 -0.02326551266014576
dihedral 3717 3716 3718 3720 200 -0.045595165342092514
dihedral 3736 3735 3737 3739 200 0.04974541813135147
dihedral 3753 3752 3754 3756 200 -0.07984376698732376
dihedral 3777 3776 3778 3780 200 -0.12209527939558029
dihedral 3796 3795 3797 3799 200 -0.06494913250207901
dihedral 3810 3809 3811 3813 200 -0.06933071464300156
dihedral 3831 3830 3832 3834 200 0.025948472321033478
dihedral 3848 3847 3849 3851 200 -0.05115225166082382
dihedral 3858 3857 3859 3861 200 -0.09053632616996765
dihedral 3878 3877 3879 3881 200 -0.2157002091407776
dihedral 3897 3896 3898 3900 200 0.12232909351587296
dihedral 3916 3915 3917 3919 200 0.029041079804301262
dihedral 3932 3931 3933 3935 200 0.10270873457193375
dihedral 3952 3951 3953 3955 200 -0.026406316086649895
dihedral 3972 3971 3973 3975 200 0.028757218271493912
dihedral 3979 3978 3980 3982 200 0.0546283945441246
dihedral 3989 3988 3990 3992 200 0.07354315370321274
dihedral 4009 4008 4010 4012 200 0.08871123194694519
dihedral 4042 4041 4043 4045 200 -0.14240330457687378
dihedral 4062 4061 4063 4065 200 -0.037667881697416306
dihedral 4077 4076 4078 4080 200 -0.022471927106380463
dihedral 4084 4083 4085 4087 200 0.11279568076133728
dihedral 4095 4094 4096 4098 200 0.10321922600269318
dihedral 4114 4113 4115 4117 200 0.05799896642565727
dihedral 4138 4137 4139 4141 200 0.05114542320370674
dihedral 4162 4161 4163 4165 200 -0.021215619519352913
dihedral 4181 4180 4182 4184 200 0.16094309091567993
dihedral 4201 4200 4202 4204 200 -0.1858396828174591
dihedral 4215 4214 4216 4218 200 0.003300692420452833
dihedral 4239 4238 4240 4242 200 -0.13228675723075867
dihedral 4263 4262 4264 4266 200 0.001945848111063242
dihedral 4270 4269 4271 4273 200 -0.0584028922021389
dihedral 4281 4280 4282 4284 200 0.0637638047337532
dihedral 4301 4300 4302 4304 200 -4.753495693206787
dihedral 4312 4311 4313 4315 200 0.01577593758702278
dihedral 4328 4327 4329 4331 200 -0.04158324748277664
dihedral 4352 4351 4353 4355 200 -0.009348828345537186
dihedral 4366 4365 4367 4371 200 -0.060556042939424515
dihedral 4380 4379 4381 4383 200 0.10572191327810287
dihedral 4387 4386 4388 4390 200 -0.07012007385492325
dihedral 4398 4397 4399 4401 200 0.031228546053171158
dihedral 4414 4413 4415 4417 200 0.044000301510095596
dihedral 4433 4432 4434 4436 200 -0.3582870066165924
dihedral 4453 4452 4454 4456 200 -0.7801741361618042
dihedral 4473 4472 4474 4476 200 -0.4620102047920227
dihedral 4484 4483 4485 4487 200 -0.6695055961608887
dihedral 4503 4502 4504 4506 200 -0.07067564874887466
dihedral 4519 4518 4520 4522 200 -0.8413926959037781
dihedral 4539 4538 4540 4542 200 -0.3959437608718872
dihedral 4558 4557 4559 4561 200 -1.4749257564544678
dihedral 4572 4571 4573 4575 200 -0.05910881236195564
dihedral 4582 4581 4583 4585 200 -9.410245895385742
dihedral 4593 4592 4594 4596 200 -0.6137719750404358
dihedral 4604 4603 4605 4607 200 0.009593848139047623
dihedral 4615 4614 4616 4618 200 -0.02982795611023903
dihedral 4622 4621 4623 4625 200 -0.042977601289749146
dihedral 4641 4640 4642 4644 200 0.026368388906121254
dihedral 4657 4656 4658 4660 200 -0.024187304079532623
dihedral 4677 4676 4678 4680 200 0.08656593412160873
dihedral 4693 4692 4694 4696 200 0.0681699737906456
dihedral 4717 4716 4718 4720 200 -0.08966538310050964
dihedral 4733 4732 4734 4736 200 0.05705185607075691
dihedral 4747 4746 4748 4750 200 -0.07106038182973862
dihedral 4761 4760 4762 4764 200 0.044337037950754166
dihedral 4775 4774 4776 4780 200 0.0699264332652092
dihedral 4789 4788 4790 4792 200 179.9597930908203
dihedral 4805 4804 4806 4808 200 -0.0031468525994569063
dihedral 4817 4816 4818 4820 200 0.7993068695068359
dihedral 4836 4835 4837 4839 200 -3.5452730655670166
dihedral 4860 4859 4861 4863 200 -6.645688056945801
dihedral 4871 4870 4872 4874 200 -0.03487246111035347
dihedral 4881 4880 4882 4886 200 0.04244725778698921
dihedral 4895 4894 4896 4898 200 0.03772899881005287
dihedral 4906 4905 4907 4909 200 0.023970218375325203
dihedral 4917 4916 4918 4920 200 0.0038357912562787533
dihedral 4934 4933 4935 4937 200 0.0024453538935631514
dihedral 4944 4943 4945 4947 200 0.10044504702091217
dihedral 4968 4967 4969 4971 200 0.08497054874897003
dihedral 4987 4986 4988 4990 200 0.14475961029529572
dihedral 5002 5001 5003 5005 200 0.1382014900445938
dihedral 5024 5023 5025 5027 200 -1.0542635917663574
dihedral 5039 5038 5040 5042 200 -0.027462953701615334
dihedral 5060 5059 5061 5063 200 0.05929700657725334
dihedral 5080 5079 5081 5083 200 0.002697709482163191
dihedral 5092 5091 5093 5095 200 0.04367317259311676
dihedral 5109 5108 5110 5112 200 0.07647174596786499
dihedral 5126 5125 5127 5129 200 0.0034671316388994455
dihedral 5146 5145 5147 5149 200 -0.003202303545549512
dihedral 5153 5152 5154 5158 200 -0.09381851553916931
dihedral 5167 5166 5168 5170 200 0.15844102203845978
dihedral 5187 5186 5188 5190 200 -4.220506191253662
dihedral 5207 5206 5208 5210 200 -0.6830708980560303
dihedral 5231 5230 5232 5234 200 0.2909510135650635
dihedral 5245 5244 5246 5248 200 -12.834473609924316
dihedral 5260 5259 5261 5263 200 10.013358116149902
dihedral 5277 5276 5278 5280 200 0.7248417735099792
dihedral 5296 5295 5297 5299 200 -11.872041702270508
dihedral 5315 5314 5316 5318 200 7.391550540924072
dihedral 5334 5333 5335 5337 200 -2.5681772232055664
dihedral 5358 5357 5359 5361 200 0.3635008633136749
dihedral 5368 5367 5369 5373 200 9.917210578918457
dihedral 5382 5381 5383 5385 200 -0.10888281464576721
dihedral 5401 5400 5402 5404 200 4.419484615325928
dihedral 5415 5414 5416 5418 200 -1.7590012550354004
dihedral 5427 5426 5428 5430 200 -10.358379364013672
dihedral 5449 5448 5450 5452 200 -6.089514255523682
dihedral 5466 5465 5467 5469 200 -0.20030450820922852
dihedral 5485 5484 5486 5488 200 -0.022433727979660034
dihedral 5506 5505 5507 5509 200 -0.10992106050252914
dihedral 5523 5522 5524 5528 200 0.09389100223779678
dihedral 5537 5536 5538 5540 200 -0.03165781870484352
dihedral 5558 5557 5559 5563 200 -179.9983367919922
dihedral 5572 5571 5573 5575 200 -0.027171827852725983
dihedral 5583 5582 5584 5586 200 0.03428151085972786
dihedral 5590 5589 5591 5593 200 -0.04167819395661354
dihedral 5600 5599 5601 5603 200 -0.0186601672321558
dihedral 5612 5611 5613 5615 200 -3.9173645973205566
dihedral 5628 5627 5629 5633 200 -13.045822143554688
dihedral 5642 5641 5643 5645 200 -2.813891649246216
dihedral 5662 5661 5663 5665 200 4.1114397048950195
dihedral 5669 5668 5670 5674 200 5.001697063446045
dihedral 5683 5682 5684 5688 200 4.013084888458252
dihedral 5697 5696 5698 5700 200 -3.040431499481201
dihedral 5716 5715 5717 5719 200 -14.38134765625
dihedral 5728 5727 5729 5731 200 3.557164430618286
dihedral 5747 5746 5748 5750 200 3.8624117374420166
dihedral 5764 5763 5765 5767 200 -3.234818696975708
dihedral 5783 5782 5784 5786 200 -2.105442523956299
dihedral 5802 5801 5803 5805 200 -5.777730464935303
dihedral 5819 5818 5820 5822 200 -1.6461042165756226
dihedral 5836 5835 5837 5839 200 -4.089229106903076
dihedral 5852 5851 5853 5855 200 -2.1029763221740723
dihedral 5871 5870 5872 5874 200 -2.1421523094177246
dihedral 5883 5882 5884 5886 200 -9.407470703125
dihedral 5902 5901 5903 5905 200 3.238590717315674
dihedral 5919 5918 5920 5922 200 -1.902813196182251
dihedral 5938 5937 5939 5941 200 0.267948180437088
dihedral 5948 5947 5949 5951 200 -5.108217239379883
dihedral 5967 5966 5968 5970 200 -4.204189300537109
dihedral 5982 5981 5983 5985 200 0.7755618691444397
dihedral 5996 5995 5997 5999 200 -1.9264181852340698
dihedral 6015 6014 6016 6018 200 -5.649362564086914
dihedral 6029 6028 6030 6032 200 -8.584863662719727
dihedral 6039 6038 6040 6042 200 -6.605528831481934
dihedral 6050 6049 6051 6053 200 -5.2776408195495605
dihedral 6071 6070 6072 6074 200 22.53842544555664
dihedral 6083 6082 6084 6086 200 -0.37194910645484924
dihedral 6097 6096 6098 6100 200 0.08378923684358597
dihedral 6112 6111 6113 6115 200 -2.573530673980713
dihedral 6126 6125 6127 6129 200 -0.1552768051624298
dihedral 6142 6141 6143 6145 200 -5.471760272979736
dihedral 6156 6155 6157 6159 200 -8.611412048339844
dihedral 6175 6174 6176 6178 200 3.9438669681549072
dihedral 6192 6191 6193 6195 200 -4.6212663650512695
dihedral 6204 6203 6205 6207 200 7.607086658477783
dihedral 6223 6222 6224 6226 200 10.280312538146973
dihedral 6233 6232 6234 6236 200 -19.47354507446289
dihedral 6252 6251 6253 6255 200 -16.15496826171875
dihedral 6262 6261 6263 6267 200 9.841032028198242
dihedral 6276 6275 6277 6279 200 5.363499641418457
dihedral 6295 6294 6296 6298 200 -3.4139604568481445
dihedral 6306 6305 6307 6311 200 176.42996215820313
dihedral 6320 6319 6321 6323 200 0.001923561911098659
dihedral 6341 6340 6342 6344 200 -0.021454038098454475
dihedral 6355 6354 6356 6358 200 0.06493493169546127
dihedral 6369 6368 6370 6372 200 -0.045222487300634384
dihedral 6383 6382 6384 6386 200 0.017076067626476288
dihedral 6393 6392 6394 6396 200 0.021320771425962448
dihedral 6407 6406 6408 6410 200 -0.11245226114988327
dihedral 6426 6425 6427 6429 200 -5.480622291564941
dihedral 6445 6444 6446 6448 200 3.358335494995117
dihedral 6456 6455 6457 6459 200 -8.03651237487793
dihedral 6472 6471 6473 6475 200 -1.3344519138336182
dihedral 6491 6490 6492 6494 200 -2.897038221359253
dihedral 6505 6504 6506 6508 200 -11.56928539276123
dihedral 6526 6525 6527 6529 200 -6.318585395812988
dihedral 6546 6545 6547 6549 200 1.4841763973236084
dihedral 6563 6562 6564 6566 200 1.4477438926696777
dihedral 6577 6576 6578 6580 200 5.226086139678955
dihedral 6588 6587 6589 6591 200 -0.17046865820884705
dihedral 6605 6604 6606 6608 200 -0.031919967383146286
dihedral 6616 6615 6617 6619 200 -0.14800968766212463
dihedral 6632 6631 6633 6635 200 -0.10415250062942505
dihedral 6651 6650 6652 6654 200 -0.03367627412080765
dihedral 6663 6662 6664 6666 200 -0.02940109372138977
dihedral 6680 6679 6681 6683 200 0.042202115058898926
dihedral 6702 6701 6703 6705 200 -0.11485475301742554
dihedral 6724 6723 6725 6727 200 0.08359439671039581
dihedral 6731 6730 6732 6734 200 -0.016564520075917244
dihedral 6743 6742 6744 6746 200 2.852442502975464
dihedral 6755 6754 6756 6758 200 9.82103157043457
dihedral 6775 6774 6776 6778 200 -2.6503329277038574
dihedral 6795 6794 6796 6798 200 -21.858036041259766
dihedral 6811 6810 6812 6814 200 6.782496929168701
dihedral 6832 6831 6833 6835 200 7.000567436218262
dihedral 6842 6841 6843 6845 200 -0.04041178151965141
dihedral 6854 6853 6855 6857 200 -0.01238920632749796
dihedral 6875 6874 6876 6878 200 -0.03988439589738846
dihedral 6892 6891 6893 6895 200 -0.06397191435098648
dihedral 6906 6905 6907 6909 200 -0.07267820090055466
dihedral 6923 6922 6924 6926 200 -0.009170634672045708
dihedral 6943 6942 6944 6946 200 -0.082612544298172
dihedral 6962 6961 6963 6965 200 -8.594379425048828
dihedral 6983 6982 6984 6986 200 6.581399440765381
dihedral 6993 6992 6994 6996 200 -5.053760528564453
dihedral 7009 7008 7010 7012 200 0.3080720901489258
dihedral 7033 7032 7034 7036 200 1.7262773513793945
dihedral 7043 7042 7044 7048 200 8.896041870117188
dihedral 7057 7056 7058 7060 200 -5.985040187835693
dihedral 7067 7066 7068 7070 200 2.4891340732574463
dihedral 7078 7077 7079 7081 200 -3.6186230182647705
dihedral 7097 7096 7098 7100 200 1.0245540142059326
dihedral 7111 7110 7112 7114 200 -14.02517032623291
dihedral 7123 7122 7124 7126 200 -0.8543069958686829
dihedral 7137 7136 7138 7140 200 -3.454904079437256
dihedral 7148 7147 7149 7151 200 4.096797943115234
dihedral 7167 7166 7168 7170 200 -1.2902607917785645
dihedral 7186 7185 7187 7189 200 3.5994346141815186
dihedral 7203 7202 7204 7206 200 -2.7314453125
dihedral 7215 7214 7216 7220 200 -3.9139585494995117
dihedral 7229 7228 7230 7232 200 -10.551230430603027
dihedral 7239 7238 7240 7242 200 7.282519340515137
dihedral 7258 7257 7259 7261 200 -1.3363037109375
dihedral 7265 7264 7266 7268 200 6.5279107093811035
dihedral 7279 7278 7280 7282 200 -6.412409782409668
dihedral 7299 7298 7300 7302 200 -9.30754280090332
dihedral 7306 7305 7307 7309 200 -1.6859462261199951
dihedral 7313 7312 7314 7318 200 1.219899296760559
dihedral 7327 7326 7328 7330 200 -7.61562442779541
dihedral 7343 7342 7344 7346 200 1.2988641262054443
dihedral 7363 7362 7364 7368 200 10.979772567749023
dihedral 7377 7376 7378 7380 200 0.09035741537809372
dihedral 7401 7400 7402 7404 200 5.790021896362305
dihedral 7420 7419 7421 7423 200 -0.23007901012897491
dihedral 7436 7435 7437 7439 200 3.3889997005462646
dihedral 7455 7454 7456 7458 200 -3.0466678142547607
dihedral 7462 7461 7463 7465 200 -9.251628875732422
dihedral 7469 7468 7470 7472 200 0.0726630911231041
dihedral 7490 7489 7491 7493 200 2.8591370582580566
dihedral 7502 7501 7503 7505 200 4.782432556152344
dihedral 7514 7513 7515 7517 200 -4.192596435546875
dihedral 7531 7530 7532 7534 200 -1.444048523902893
dihedral 7545 7544 7546 7548 200 10.429693222045898
dihedral 7566 7565 7567 7569 200 -10.024590492248535
dihedral 7580 7579 7581 7583 200 0.6162176132202148
dihedral 7594 7593 7595 7597 200 4.629532337188721
dihedral 7604 7603 7605 7607 200 -6.404295921325684
dihedral 7618 7617 7619 7621 200 -0.19438742101192474
dihedral 7628 7627 7629 7631 200 -10.018570899963379
dihedral 7647 7646 7648 7650 200 -3.2489376068115234
dihedral 7663 7662 7664 7666 200 -1.7874183654785156
dihedral 7682 7681 7683 7685 200 6.3425397872924805
dihedral 7696 7695 7697 7699 200 -1.7284809350967407
dihedral 7716 7715 7717 7721 200 -11.870073318481445
dihedral 7730 7729 7731 7733 200 -7.935476303100586
dihedral 7746 7745 7747 7749 200 1.7062321901321411
dihedral 7760 7759 7761 7763 200 -10.547553062438965
dihedral 7774 7773 7775 7777 200 -1.5770972967147827
dihedral 7795 7794 7796 7798 200 -1.032794713973999
dihedral 7816 7815 7817 7819 200 1.9049559831619263
dihedral 7830 7829 7831 7833 200 0.6995248198509216
dihedral 7842 7841 7843 7845 200 4.668956279754639
dihedral 7856 7855 7857 7859 200 3.1814918518066406
dihedral 7871 7870 7872 7874 200 -2.4872918128967285
dihedral 7893 7892 7894 7896 200 -2.7025558948516846
dihedral 7912 7911 7913 7915 200 -3.7559680938720703
dihedral 7929 7928 7930 7932 200 -5.20707893371582
dihedral 7953 7952 7954 7956 200 -0.48842769861221313
dihedral 7963 7962 7964 7966 200 -3.3122689723968506
dihedral 7980 7979 7981 7983 200 -6.926949501037598
dihedral 7990 7989 7991 7993 200 -3.138716220855713
dihedral 8014 8013 8015 8017 200 -0.3076636493206024
dihedral 8029 8028 8030 8032 200 0.07343493402004242
dihedral 8051 8050 8052 8054 200 -5.194822311401367
dihedral 8066 8065 8067 8069 200 -3.8829715251922607
dihedral 8086 8085 8087 8089 200 -0.27608180046081543
dihedral 8105 8104 8106 8108 200 -2.8147029876708984
dihedral 8119 8118 8120 8122 200 -2.4042866230010986
dihedral 8139 8138 8140 8142 200 3.40181040763855
dihedral 8155 8154 8156 8158 200 1.2728397846221924
dihedral 8177 8176 8178 8180 200 2.2404818534851074
dihedral 8191 8190 8192 8194 200 2.623889207839966
dihedral 8212 8211 8213 8215 200 2.39707612991333
dihedral 8234 8233 8235 8237 200 -14.332545280456543
dihedral 8248 8247 8249 8253 200 -2.9898149967193604
dihedral 8262 8261 8263 8265 200 1.521066665649414
dihedral 8276 8275 8277 8279 200 1.6249090433120728
dihedral 8295 8294 8296 8298 200 -17.55881118774414
dihedral 8309 8308 8310 8312 200 1.3722455501556396
dihedral 8328 8327 8329 8331 200 4.7383131980896
dihedral 8339 8338 8340 8342 200 40.7113151550293
dihedral 8359 8358 8360 8362 200 -34.968505859375
dihedral 8373 8372 8374 8376 200 -0.6316359639167786
dihedral 8383 8382 8384 8386 200 -0.006654703989624977
dihedral 8398 8397 8399 8401 200 -0.1715208739042282
dihedral 8422 8421 8423 8425 200 -0.12112588435411453
dihedral 8433 8432 8434 8436 200 -0.2967725098133087
dihedral 8452 8451 8453 8455 200 -0.03236932307481766
dihedral 8467 8466 8468 8470 200 -0.14738449454307556
dihedral 8479 8478 8480 8482 200 -0.009744808077812195
dihedral 8494 8493 8495 8497 200 -0.06038963794708252
dihedral 8513 8512 8514 8516 200 -0.6013302803039551
dihedral 8527 8526 8528 8530 200 0.0844951793551445
dihedral 8551 8550 8552 8554 200 0.01696668565273285
dihedral 8566 8565 8567 8569 200 0.062060754746198654
dihedral 8577 8576 8578 8580 200 -0.022949347272515297
dihedral 8589 8588 8590 8592 200 0.0060773263685405254
dihedral 8600 8599 8601 8603 200 0.03186817094683647
dihedral 8612 8611 8613 8615 200 -0.02292439341545105
dihedral 8628 8627 8629 8631 200 -0.6870619058609009
dihedral 8648 8647 8649 8651 200 -0.5355346202850342
dihedral 8662 8661 8663 8665 200 -0.8150320053100586
dihedral 8678 8677 8679 8681 200 -0.9166089296340942
dihedral 8694 8693 8695 8697 200 0.15480244159698486
dihedral 8713 8712 8714 8716 200 0.45816460251808167
dihedral 8724 8723 8725 8727 200 -0.2179202288389206
dihedral 8745 8744 8746 8748 200 -0.231819286942482
dihedral 8755 8754 8756 8758 200 0.29270920157432556
dihedral 8774 8773 8775 8777 200 0.15164220333099365
dihedral 8791 8790 8792 8794 200 -1.580872893333435
dihedral 8811 8810 8812 8814 200 -1.3849234580993652
dihedral 8830 8829 8831 8833 200 -0.6258999109268188
dihedral 8851 8850 8852 8854 200 0.018402624875307083
dihedral 8870 8869 8871 8873 200 -0.5788494348526001
dihedral 8881 8880 8882 8884 200 0.05468364804983139
dihedral 8900 8899 8901 8903 200 1.1032116413116455
dihedral 8910 8909 8911 8913 200 3.1329078674316406
dihedral 8929 8928 8930 8932 200 2.2926902770996094
dihedral 8936 8935 8937 8939 200 1.969014286994934
dihedral 8953 8952 8954 8956 200 -0.04152840003371239
dihedral 8970 8969 8971 8973 200 -0.06297734379768372
dihedral 8992 8991 8993 8995 200 -0.03646353259682655
dihedral 9003 9002 9004 9006 200 0.05682533234357834
dihedral 9014 9013 9015 9017 200 0.054860424250364304
dihedral 9038 9037 9039 9041 200 0.05345189571380615
dihedral 9062 9061 9063 9065 200 0.013565842062234879
dihedral 9081 9080 9082 9084 200 0.04928438737988472
dihedral 9100 9099 9101 9103 200 -1.0561621189117432
dihedral 9116 9115 9117 9119 200 -1.3759305477142334
dihedral 9128 9127 9129 9131 200 -1.1212726831436157
dihedral 9139 9138 9140 9142 200 -1.3793754577636719
dihedral 9161 9160 9162 9164 200 -1.3751221895217896
dihedral 9177 9176 9178 9180 200 -0.040955692529678345
dihedral 9188 9187 9189 9191 200 -0.08921352028846741
dihedral 9207 9206 9208 9210 200 -0.2726552486419678
dihedral 9214 9213 9215 9217 200 -0.25823643803596497
dihedral 9233 9232 9234 9236 200 -0.15449921786785126
dihedral 9243 9242 9244 9246 200 -0.2584739923477173
dihedral 9250 9249 9251 9253 200 -0.07474128156900406
dihedral 9269 9268 9270 9272 200 -0.08635938912630081
dihedral 9288 9287 9289 9291 200 -0.1600673496723175
dihedral 9307 9306 9308 9310 200 -0.13648353517055511
dihedral 9323 9322 9324 9326 200 -0.05647018924355507
dihedral 9342 9341 9343 9345 200 -0.07087638229131699
dihedral 9353 9352 9354 9356 200 0.00040139214252121747
dihedral 9364 9363 9365 9367 200 0.10514044761657715
dihedral 9380 9379 9381 9383 200 0.008854998275637627
dihedral 9390 9389 9391 9393 200 0.022035500034689903
dihedral 9401 9400 9402 9404 200 -0.07945750653743744
dihedral 9412 9411 9413 9415 200 -0.03242163732647896
dihedral 9431 9430 9432 9434 200 -0.03476518392562866
dihedral 9438 9437 9439 9441 200 0.023739367723464966
dihedral 9454 9453 9455 9457 200 -0.09017841517925262
dihedral 9474 9473 9475 9477 200 -1.6530325412750244
dihedral 9485 9484 9486 9488 200 -1.8419536352157593
dihedral 9506 9505 9507 9509 200 -0.33004817366600037
dihedral 9525 9524 9526 9528 200 -0.19924883544445038
dihedral 9532 9531 9533 9535 200 -0.17902953922748566
dihedral 9551 9550 9552 9556 200 -1.9764188528060913
dihedral 9565 9564 9566 9568 200 -0.18947361409664154
dihedral 9584 9583 9585 9587 200 -0.11594440788030624
dihedral 9598 9597 9599 9601 200 -0.21916919946670532
dihedral 9617 9616 9618 9620 200 -0.22074829041957855
dihedral 9636 9635 9637 9639 200 -0.13885991275310516
dihedral 9652 9651 9653 9655 200 -0.19128555059432983
dihedral 9671 9670 9672 9674 200 -0.09736074507236481
dihedral 9686 9685 9687 9689 200 -0.3950645327568054
dihedral 9702 9701 9703 9705 200 -0.2934536933898926
dihedral 9721 9720 9722 9726 200 -0.15565308928489685
dihedral 9735 9734 9736 9738 200 -0.34802520275115967
dihedral 9755 9754 9756 9758 200 -0.3300251364707947
dihedral 9774 9773 9775 9777 200 -0.2742043733596802
dihedral 9790 9789 9791 9793 200 -0.3078853189945221
dihedral 9809 9808 9810 9812 200 -0.28966188430786133
dihedral 9819 9818 9820 9822 200 -0.709247350692749
dihedral 9835 9834 9836 9838 200 0.06297411024570465
dihedral 9842 9841 9843 9845 200 0.49283790588378906
dihedral 9858 9857 9859 9861 200 -0.08822882175445557
dihedral 9870 9869 9871 9873 200 0.1256086677312851
dihedral 9884 9883 9885 9887 200 0.09771230071783066
dihedral 9903 9902 9904 9906 200 0.008833055384457111
dihedral 9923 9922 9924 9926 200 0.14592155814170837
dihedral 9942 9941 9943 9945 200 0.06519182026386261
dihedral 9961 9960 9962 9964 200 -0.0354873389005661
dihedral 9977 9976 9978 9980 200 0.005463900975883007
dihedral 9994 9993 9995 9997 200 0.15109337866306305
dihedral 10004 10003 10005 10007 200 0.07544685900211334
dihedral 10025 10024 10026 10028 200 -0.034413181245326996
dihedral 10042 10041 10043 10045 200 -0.055413518100976944
dihedral 10066 10065 10067 10069 200 -0.04740411788225174
dihedral 10078 10077 10079 10081 200 0.07468679547309875
dihedral 10093 10092 10094 10096 200 0.024494007229804993
dihedral 10117 10116 10118 10120 200 -0.008603832684457302
dihedral 10136 10135 10137 10139 200 -0.14297068119049072
dihedral 10153 10152 10154 10156 200 0.008510739542543888
dihedral 10160 10159 10161 10163 200 -0.03771422803401947
dihedral 10175 10174 10176 10178 200 0.05094249173998833
dihedral 10189 10188 10190 10192 200 -0.03125276789069176
dihedral 10208 10207 10209 10211 200 -0.05533217266201973
dihedral 10220 10219 10221 10223 200 -0.19367150962352753
dihedral 10237 10236 10238 10240 200 -0.31283333897590637
dihedral 10254 10253 10255 10257 200 -0.28994157910346985
dihedral 10273 10272 10274 10276 200 -0.21886679530143738
dihedral 10280 10279 10281 10283 200 -0.09602855890989304
dihedral 10304 10303 10305 10307 200 -0.024113407358527184
dihedral 10320 10319 10321 10323 200 -0.07422546297311783
dihedral 10339 10338 10340 10342 200 0.056433163583278656
dihedral 10346 10345 10347 10349 200 -0.05877340957522392
dihedral 10361 10360 10362 10364 200 0.03444819152355194
dihedral 10377 10376 10378 10380 200 -0.056700415909290314
dihedral 10387 10386 10388 10392 200 0.013023759238421917
dihedral 10401 10400 10402 10404 200 0.06861239671707153
dihedral 10412 10411 10413 10415 200 -0.07172907143831253
dihedral 10429 10428 10430 10432 200 0.06609991192817688
dihedral 10449 10448 10450 10452 200 11.3968505859375
dihedral 10468 10467 10469 10471 200 -0.00486698467284441
dihedral 10479 10478 10480 10482 200 0.013217870146036148
dihedral 10490 10489 10491 10493 200 -0.05474450811743736
dihedral 10510 10509 10511 10513 200 0.0423092246055603
dihedral 10521 10520 10522 10524 200 -0.010124411433935165
dihedral 10536 10535 10537 10539 200 -0.016685916110873222
dihedral 10550 10549 10551 10553 200 -0.11867302656173706
dihedral 10566 10565 10567 10569 200 -0.0462154895067215
dihedral 10576 10575 10577 10579 200 0.4220811426639557
dihedral 10596 10595 10597 10599 200 1.55116605758667
dihedral 10616 10615 10617 10619 200 -0.12022824585437775
dihedral 10635 10634 10636 10638 200 -0.18150097131729126
dihedral 10642 10641 10643 10645 200 -1.6515135765075684
dihedral 10652 10651 10653 10655 200 -1.7111097574234009
dihedral 10671 10670 10672 10674 200 -0.7310986518859863
dihedral 10682 10681 10683 10685 200 -10.98900318145752
dihedral 10698 10697 10699 10701 200 -2.2594263553619385
dihedral 10715 10714 10716 10720 200 -0.42797064781188965
dihedral 10729 10728 10730 10732 200 -0.17186366021633148
dihedral 10739 10738 10740 10742 200 -0.0625932514667511
dihedral 10755 10754 10756 10758 200 0.02028230018913746
dihedral 10772 10771 10773 10775 200 -0.12510433793067932
dihedral 10786 10785 10787 10789 200 0.09536057710647583
dihedral 10806 10805 10807 10809 200 -0.040602993220090866
dihedral 10817 10816 10818 10820 200 -0.013776932843029499
dihedral 10836 10835 10837 10839 200 0.030169647186994553
dihedral 10856 10855 10857 10859 200 -0.022226771339774132
dihedral 10866 10865 10867 10869 200 0.01342630572617054
dihedral 10873 10872 10874 10876 200 -0.010979844257235527
dihedral 10892 10891 10893 10895 200 0.007010302040725946
dihedral 10902 10901 10903 10905 200 -0.030465636402368546
dihedral 10918 10917 10919 10921 200 -0.0821363776922226
dihedral 10938 10937 10939 10941 200 -0.037676259875297546
dihedral 10957 10956 10958 10960 200 0.03615780174732208
dihedral 10969 10968 10970 10972 200 0.05252222344279289
dihedral 11002 11001 11003 11005 200 -0.07377234846353531
dihedral 11017 11016 11018 11020 200 -0.07240740209817886
dihedral 11029 11028 11030 11032 200 -0.032161034643650055
dihedral 11036 11035 11037 11039 200 0.016400134190917015
dihedral 11050 11049 11051 11053 200 -0.0040381308645009995
dihedral 11061 11060 11062 11064 200 -0.01707102730870247
dihedral 11077 11076 11078 11080 200 0.12001365423202515
dihedral 11094 11093 11095 11097 200 0.060744062066078186
dihedral 11104 11103 11105 11107 200 0.036187123507261276
dihedral 11115 11114 11116 11118 200 -0.03967446833848953
dihedral 11130 11129 11131 11133 200 -0.07991929352283478
dihedral 11141 11140 11142 11144 200 0.010547909885644913
dihedral 11152 11151 11153 11155 200 0.03827139362692833
dihedral 11171 11170 11172 11174 200 -0.00847218930721283
dihedral 11191 11190 11192 11194 200 -0.056319598108530045
dihedral 11215 11214 11216 11218 200 -0.04098239541053772
dihedral 11235 11234 11236 11238 200 -0.07309217751026154
dihedral 11255 11254 11256 11258 200 0.10585365444421768
dihedral 11277 11276 11278 11280 200 -0.08175420761108398
dihedral 11291 11290 11292 11294 200 0.015240191482007504
dihedral 11302 11301 11303 11305 200 0.01210898719727993
dihedral 11323 11322 11324 11326 200 -0.012249939143657684
dihedral 11334 11333 11335 11339 200 -0.0280065406113863
dihedral 11348 11347 11349 11351 200 0.003634948283433914
dihedral 11367 11366 11368 11370 200 0.05387653037905693
dihedral 11386 11385 11387 11389 200 0.06300854682922363
dihedral 11405 11404 11406 11408 200 -0.008765782229602337
dihedral 11427 11426 11428 11430 200 0.08375348895788193
dihedral 11439 11438 11440 11442 200 0.058359842747449875
dihedral 11463 11462 11464 11466 200 0.10001567751169205
dihedral 11480 11479 11481 11483 200 -0.5048655867576599
dihedral 11504 11503 11505 11509 200 -0.5287977457046509
dihedral 11518 11517 11519 11521 200 -0.5217196345329285
dihedral 11537 11536 11538 11540 200 -0.86617112159729
dihedral 11553 11552 11554 11556 200 -0.9596468210220337
dihedral 11572 11571 11573 11575 200 -0.12229504436254501
dihedral 11582 11581 11583 11585 200 -0.16012075543403625
dihedral 11601 11600 11602 11604 200 -0.44351550936698914
dihedral 11621 11620 11622 11624 200 -0.4576874077320099
dihedral 11637 11636 11638 11640 200 0.07066923379898071
dihedral 11644 11643 11645 11647 200 0.1366472989320755
dihedral 11660 11659 11661 11663 200 -0.03031250275671482
dihedral 11679 11678 11680 11682 200 0.05081912502646446
dihedral 11690 11689 11691 11693 200 -0.013123724609613419
dihedral 11710 11709 11711 11713 200 0.05150149390101433
dihedral 11721 11720 11722 11724 200 0.055982816964387894
dihedral 11740 11739 11741 11743 200 0.058142952620983124
dihedral 11750 11749 11751 11753 200 -5.167150974273682
dihedral 11766 11765 11767 11769 200 0.013577745296061039
dihedral 11785 11784 11786 11788 200 -0.10013429075479507
dihedral 11799 11798 11800 11802 200 -0.030776452273130417
dihedral 11821 11820 11822 11824 200 0.012875563465058804
dihedral 11837 11836 11838 11840 200 -0.013974573463201523
dihedral 11849 11848 11850 11852 200 0.015899408608675003
dihedral 11868 11867 11869 11871 200 -0.04305657744407654
dihedral 11875 11874 11876 11878 200 -0.04988317936658859
dihedral 11894 11893 11895 11897 200 0.08851615339517593
dihedral 11906 11905 11907 11909 200 -0.02205575443804264
dihedral 11923 11922 11924 11926 200 -0.040586814284324646
dihedral 11934 11933 11935 11937 200 0.08200009912252426
dihedral 11953 11952 11954 11956 200 0.1365312784910202
dihedral 11964 11963 11965 11967 200 0.07108292728662491
dihedral 11981 11980 11982 11986 200 0.03899149224162102
dihedral 11995 11994 11996 11998 200 -0.042798642069101334
dihedral 12007 12006 12008 12010 200 -0.03221714124083519
dihedral 12019 12018 12020 12022 200 -0.00888090766966343
dihedral 12030 12029 12031 12033 200 -0.011886384338140488
dihedral 12051 12050 12052 12054 200 0.036603495478630066
dihedral 12068 12067 12069 12071 200 -0.16160090267658234
dihedral 12084 12083 12085 12087 200 0.013049556873738766
dihedral 12096 12095 12097 12099 200 -0.09901715815067291
dihedral 12117 12116 12118 12120 200 -0.025405434891581535
dihedral 12137 12136 12138 12140 200 0.05535723268985748
dihedral 12159 12158 12160 12162 200 -1.8204987049102783
dihedral 12170 12169 12171 12173 200 5.081385135650635
dihedral 12189 12188 12190 12192 200 5.940173625946045
dihedral 12200 12199 12201 12203 200 18.72104263305664
dihedral 12217 12216 12218 12220 200 2.4105777740478516
dihedral 12238 12237 12239 12241 200 -0.5123093128204346
dihedral 12257 12256 12258 12260 200 -20.3759822845459
dihedral 12274 12273 12275 12277 200 25.246051788330078
dihedral 12284 12283 12285 12287 200 0.9171547293663025
dihedral 12291 12290 12292 12296 200 -11.82143497467041
dihedral 12305 12304 12306 12310 200 1.4565261602401733
dihedral 12319 12318 12320 12322 200 0.8717026114463806
dihedral 12335 12334 12336 12338 200 0.006266847252845764
dihedral 12356 12355 12357 12359 200 -0.4822021722793579
dihedral 12376 12375 12377 12379 200 -1.28855562210083
dihedral 12392 12391 12393 12395 200 0.19829587638378143
dihedral 12411 12410 12412 12414 200 -0.029311446473002434
dihedral 12426 12425 12427 12429 200 3.978877305984497
dihedral 12441 12440 12442 12444 200 -3.518211603164673
dihedral 12448 12447 12449 12451 200 -1.878800868988037
dihedral 12465 12464 12466 12468 200 -5.910719871520996
dihedral 12477 12476 12478 12480 200 -1.646217942237854
dihedral 12498 12497 12499 12501 200 -3.969482421875
dihedral 12512 12511 12513 12515 200 -2.1653964519500732
dihedral 12523 12522 12524 12526 200 -2.2043910026550293
dihedral 12534 12533 12535 12537 200 -9.459683418273926
dihedral 12556 12555 12557 12559 200 3.2875208854675293
dihedral 12563 12562 12564 12566 200 -1.879648208618164
dihedral 12580 12579 12581 12583 200 0.2034338265657425
dihedral 12594 12593 12595 12597 200 -5.097680568695068
dihedral 12611 12610 12612 12614 200 -4.276504993438721
dihedral 12627 12626 12628 12630 200 -0.005757403094321489
dihedral 12638 12637 12639 12641 200 0.022371888160705566
dihedral 12645 12644 12646 12648 200 0.13062602281570435
dihedral 12652 12651 12653 12655 200 -0.0468531958758831
dihedral 12669 12668 12670 12672 200 0.04078506678342819
dihedral 12676 12675 12677 12679 200 0.057364705950021744
dihedral 12687 12686 12688 12690 200 -0.030355501919984818
dihedral 12701 12700 12702 12704 200 0.04460632801055908
dihedral 12715 12714 12716 12718 200 0.03829147666692734
dihedral 12727 12726 12728 12730 200 0.006031989585608244
dihedral 12738 12737 12739 12741 200 -0.05743423476815224
dihedral 12757 12756 12758 12760 200 -0.02191668562591076
dihedral 12773 12772 12774 12776 200 -0.03081594593822956
dihedral 12790 12789 12791 12793 200 -0.02834256924688816
dihedral 12807 12806 12808 12810 200 4.625514984130859
dihedral 12826 12825 12827 12829 200 3.777431011199951
dihedral 12846 12845 12847 12849 200 -179.59950256347656
dihedral 12860 12859 12861 12863 200 24.165225982666016
dihedral 12870 12869 12871 12873 200 21.049884796142578
dihedral 12880 12879 12881 12883 200 -0.07251059263944626
dihedral 12897 12896 12898 12900 200 0.18294452130794525
dihedral 12916 12915 12917 12919 200 0.05139591544866562
dihedral 12928 12927 12929 12931 200 -0.02995716966688633
dihedral 12942 12941 12943 12945 200 -0.0891575813293457
dihedral 12963 12962 12964 12966 200 -0.08596315234899521
dihedral 12977 12976 12978 12980 200 -0.04246489331126213
dihedral 13001 13000 13002 13004 200 0.11668457835912704
dihedral 13020 13019 13021 13023 200 0.11691117286682129
dihedral 13027 13026 13028 13030 200 0.02340451441705227
dihedral 13047 13046 13048 13050 200 0.06750475615262985
dihedral 13057 13056 13058 13062 200 -0.010337671265006065
dihedral 13071 13070 13072 13074 200 8.542346954345703
dihedral 13082 13081 13083 13085 200 38.71005630493164
dihedral 13093 13092 13094 13096 200 9.27038860321045
dihedral 13117 13116 13118 13120 200 6.171132564544678
dihedral 13136 13135 13137 13139 200 5.931785583496094
dihedral 13148 13147 13149 13151 200 -11.837559700012207
dihedral 13160 13159 13161 13163 200 1.9939762353897095
dihedral 13181 13180 13182 13184 200 1.6904900074005127
dihedral 13201 13200 13202 13204 200 -0.37763163447380066
dihedral 13213 13212 13214 13216 200 177.00634765625
dihedral 13237 13236 13238 13240 200 -2.2561211585998535
dihedral 13253 13252 13254 13256 200 -1.4895988702774048
dihedral 13275 13274 13276 13280 200 -0.15074899792671204
dihedral 13289 13288 13290 13292 200 -3.379047393798828
dihedral 13306 13305 13307 13309 200 -3.5772035121917725
dihedral 13317 13316 13318 13320 200 -4.108283519744873
dihedral 13328 13327 13329 13331 200 1.9848508834838867
dihedral 13339 13338 13340 13342 200 0.02494601532816887
dihedral 13350 13349 13351 13353 200 -0.5222745537757874
dihedral 13374 13373 13375 13377 200 -0.1593346744775772
dihedral 13407 13406 13408 13410 200 0.0041655441746115685
dihedral 13422 13421 13423 13425 200 179.99974060058594
dihedral 13429 13428 13430 13432 200 -0.09529600292444229
dihedral 13451 13450 13452 13454 200 0.027058614417910576
dihedral 13468 13467 13469 13471 200 0.00924381148070097
dihedral 13492 13491 13493 13497 200 -0.007297343574464321
dihedral 13506 13505 13507 13509 200 0.07780345529317856
dihedral 13523 13522 13524 13526 200 0.05328444018959999
dihedral 13530 13529 13531 13533 200 0.10115703195333481
dihedral 13537 13536 13538 13540 200 0.050960320979356766
dihedral 13549 13548 13550 13552 200 0.0835794135928154
dihedral 13569 13568 13570 13572 200 2.114227056503296
dihedral 13586 13585 13587 13589 200 2.0111517906188965
dihedral 13610 13609 13611 13613 200 0.006822504568845034
dihedral 13630 13629 13631 13633 200 -0.006410208530724049
dihedral 13649 13648 13650 13654 200 -0.041131049394607544
dihedral 13663 13662 13664 13666 200 -0.03964146599173546
dihedral 13680 13679 13681 13683 200 4.00042200088501
dihedral 13700 13699 13701 13703 200 -8.616016387939453
dihedral 13719 13718 13720 13722 200 6.760900497436523
dihedral 13730 13729 13731 13733 200 -5.161402225494385
dihedral 13742 13741 13743 13745 200 -0.06972283869981766
dihedral 13756 13755 13757 13761 200 0.03599727153778076
dihedral 13770 13769 13771 13773 200 0.056192126125097275
dihedral 13784 13783 13785 13789 200 0.0350162498652935
dihedral 13798 13797 13799 13801 200 0.10361315310001373
dihedral 13820 13819 13821 13823 200 -0.00957020465284586
dihedral 13831 13830 13832 13834 200 0.03774751350283623
dihedral 13838 13837 13839 13841 200 -0.09861360490322113
dihedral 13860 13859 13861 13863 200 0.02261478453874588
dihedral 13867 13866 13868 13870 200 -0.03451543673872948
dihedral 13874 13873 13875 13877 200 -0.15009208023548126
dihedral 13891 13890 13892 13894 200 -0.15000014007091522
dihedral 13901 13900 13902 13904 200 -0.07946548610925674
dihedral 13911 13910 13912 13914 200 -0.014772499911487103
dihedral 13932 13931 13933 13935 200 0.03625403344631195
dihedral 13943 13942 13944 13946 200 0.035778921097517014
dihedral 13954 13953 13955 13957 200 0.09349604696035385
dihedral 13964 13963 13965 13967 200 0.29268428683280945
dihedral 13980 13979 13981 13983 200 0.45769309997558594
dihedral 13994 13993 13995 13997 200 -2.924929618835449
dihedral 14013 14012 14014 14016 200 0.040338873863220215
dihedral 14032 14031 14033 14035 200 4.767060279846191
dihedral 14051 14050 14052 14054 200 -4.373777866363525
dihedral 14058 14057 14059 14061 200 -1.3082408905029297
dihedral 14075 14074 14076 14078 200 10.482407569885254
dihedral 14082 14081 14083 14085 200 -9.968814849853516
dihedral 14096 14095 14097 14099 200 0.006320607848465443
dihedral 14120 14119 14121 14123 200 2.8904922008514404
dihedral 14136 14135 14137 14139 200 -0.045151736587285995
dihedral 14143 14142 14144 14146 200 179.27334594726563
dihedral 14153 14152 14154 14156 200 -0.893421471118927
dihedral 14167 14166 14168 14170 200 6.521245956420898
dihedral 14188 14187 14189 14191 200 -2.3889408111572266
dihedral 14208 14207 14209 14211 200 2.6280357837677
dihedral 14225 14224 14226 14228 200 -3.177187442779541
dihedral 14239 14238 14240 14242 200 0.17276911437511444
dihedral 14260 14259 14261 14263 200 0.0016510876594111323
dihedral 14277 14276 14278 14280 200 0.09414809942245483
dihedral 14291 14290 14292 14294 200 -0.05680672824382782
dihedral 14307 14306 14308 14310 200 -0.03850561007857323
dihedral 14326 14325 14327 14329 200 -0.041855338960886
dihedral 14343 14342 14344 14346 200 -0.12055408209562302
dihedral 14357 14356 14358 14360 200 -0.13457201421260834
dihedral 14368 14367 14369 14371 200 -0.04183006286621094
dihedral 14378 14377 14379 14381 200 -0.026827314868569374
dihedral 14390 14389 14391 14393 200 -0.04685661941766739
dihedral 14410 14409 14411 14413 200 -3.818635940551758
dihedral 14429 14428 14430 14432 200 -4.870960235595703
dihedral 14441 14440 14442 14444 200 -0.514435350894928
dihedral 14451 14450 14452 14454 200 -2.3786041736602783
dihedral 14470 14469 14471 14473 200 -2.20851469039917
dihedral 14492 14491 14493 14495 200 -1.4488457441329956
dihedral 14514 14513 14515 14517 200 2.007702589035034
dihedral 14524 14523 14525 14527 200 -2.0313162803649902
dihedral 14548 14547 14549 14551 200 -2.320981025695801
dihedral 14567 14566 14568 14570 200 -5.847029685974121
dihedral 14586 14585 14587 14589 200 -0.3420076370239258
dihedral 14596 14595 14597 14599 200 -2.972496747970581
dihedral 14607 14606 14608 14610 200 -0.4062395691871643
dihedral 14621 14620 14622 14624 200 -0.5411861538887024
dihedral 14637 14636 14638 14640 200 0.03388392925262451
dihedral 14651 14650 14652 14654 200 0.05755281448364258
dihedral 14666 14665 14667 14669 200 0.005160895641893148
dihedral 14680 14679 14681 14683 200 -0.01430769544094801
dihedral 14697 14696 14698 14700 200 0.0793844684958458
dihedral 14704 14703 14705 14707 200 -0.0425652414560318
dihedral 14723 14722 14724 14726 200 0.00407990301027894
dihedral 14737 14736 14738 14740 200 0.0967792272567749
dihedral 14744 14743 14745 14747 200 0.10063093900680542
dihedral 14755 14754 14756 14758 200 0.03919033333659172
dihedral 14765 14764 14766 14768 200 0.0026307229418307543
dihedral 14786 14785 14787 14789 200 0.08083191514015198
dihedral 14810 14809 14811 14813 200 -0.03975437954068184
dihedral 14826 14825 14827 14829 200 -0.06040753424167633
dihedral 14846 14845 14847 14851 200 -0.0690193623304367
dihedral 14860 14859 14861 14863 200 0.0485522598028183
dihedral 14881 14880 14882 14884 200 -0.09998231381177902
dihedral 14892 14891 14893 14895 200 0.04812769591808319
dihedral 14908 14907 14909 14911 200 -0.1369549036026001
dihedral 14928 14927 14929 14931 200 -0.09459242969751358
dihedral 14949 14948 14950 14952 200 -0.08025294542312622
dihedral 14965 14964 14966 14968 200 -0.06391876190900803
dihedral 14985 14984 14986 14988 200 0.0055728089064359665
dihedral 15006 15005 15007 15009 200 -0.07911257445812225
dihedral 15021 15020 15022 15024 200 0.028438052162528038
dihedral 15038 15037 15039 15041 200 -0.039981573820114136
dihedral 15059 15058 15060 15062 200 0.008038952015340328
dihedral 15078 15077 15079 15081 200 -0.007488783914595842
dihedral 15092 15091 15093 15095 200 -0.06433788686990738
dihedral 15111 15110 15112 15114 200 1.804392695426941
dihedral 15130 15129 15131 15133 200 -0.8093227744102478
dihedral 15142 15141 15143 15145 200 -0.09110301733016968
dihedral 15154 15153 15155 15157 200 -0.1070350781083107
dihedral 15168 15167 15169 15171 200 -0.10945732146501541
dihedral 15187 15186 15188 15190 200 -0.13476696610450745
dihedral 15207 15206 15208 15210 200 -0.11943048983812332
dihedral 15221 15220 15222 15224 200 -0.07950255274772644
dihedral 15240 15239 15241 15243 200 -0.07545021176338196
dihedral 15247 15246 15248 15250 200 -0.1377338320016861
dihedral 15263 15262 15264 15266 200 -0.0925000011920929
dihedral 15274 15273 15275 15277 200 -0.1021617203950882
dihedral 15293 15292 15294 15296 200 -0.05569366365671158
dihedral 15300 15299 15301 15303 200 -0.05202193185687065
dihedral 15310 15309 15311 15313 200 -0.062234897166490555
dihedral 15329 15328 15330 15332 200 0.0058673713356256485
dihedral 15349 15348 15350 15352 200 -0.06269797682762146
dihedral 15368 15367 15369 15371 200 -0.0260112676769495
dihedral 15384 15383 15385 15387 200 -0.12361489981412888
dihedral 15398 15397 15399 15401 200 0.012811612337827682
dihedral 15415 15414 15416 15418 200 0.08020441979169846
dihedral 15431 15430 15432 15434 200 0.013619417324662209
dihedral 15450 15449 15451 15453 200 -0.016344457864761353
dihedral 15469 15468 15470 15472 200 0.06831507384777069
dihedral 15476 15475 15477 15479 200 -0.016921386122703552
dihedral 15487 15486 15488 15490 200 -0.018154487013816833
dihedral 15502 15501 15503 15505 200 -0.04669671878218651
dihedral 15521 15520 15522 15524 200 -0.08182327449321747
dihedral 15545 15544 15546 15548 200 0.003783855587244034
dihedral 15556 15555 15557 15559 200 -0.07593762129545212
dihedral 15566 15565 15567 15569 200 0.010583072900772095
dihedral 15582 15581 15583 15585 200 -0.05077606439590454
dihedral 15601 15600 15602 15604 200 -0.09262087196111679
dihedral 15618 15617 15619 15621 200 -0.16928045451641083
dihedral 15629 15628 15630 15632 200 -0.14391431212425232
dihedral 15639 15638 15640 15642 200 -0.005373397842049599
dihedral 15653 15652 15654 15656 200 -0.03439082205295563
dihedral 15672 15671 15673 15675 200 -0.4576900601387024
dihedral 15682 15681 15683 15685 200 0.6856661438941956
dihedral 15699 15698 15700 15702 200 1.5211329460144043
dihedral 15715 15714 15716 15718 200 0.3125707805156708
dihedral 15734 15733 15735 15737 200 0.29109281301498413
dihedral 15750 15749 15751 15753 200 -0.1696130633354187
dihedral 15764 15763 15765 15767 200 -0.6634145975112915
dihedral 15781 15780 15782 15784 200 -0.9593503475189209
dihedral 15801 15800 15802 15804 200 -0.09948251396417618
dihedral 15808 15807 15809 15811 200 0.12563465535640717
dihedral 15824 15823 15825 15827 200 0.043766576796770096
dihedral 15841 15840 15842 15844 200 -0.10088362544775009
dihedral 15865 15864 15866 15868 200 0.0990222841501236
dihedral 15884 15883 15885 15887 200 -0.12405193597078323
dihedral 15908 15907 15909 15911 200 -0.050941336899995804
dihedral 15915 15914 15916 15918 200 -0.006689712405204773
dihedral 15934 15933 15935 15937 200 0.02309914119541645
dihedral 15945 15944 15946 15948 200 0.01284782588481903
dihedral 15964 15963 15965 15967 200 -0.035771921277046204
dihedral 15978 15977 15979 15981 200 0.06316187977790833
dihedral 15988 15987 15989 15991 200 -0.06115145981311798
dihedral 16004 16003 16005 16007 200 -0.6576635241508484
dihedral 16015 16014 16016 16018 200 -1.0866373777389526
dihedral 16034 16033 16035 16037 200 -2.841573715209961
dihedral 16050 16049 16051 16053 200 -1.465512752532959
dihedral 16064 16063 16065 16067 200 -2.1164255142211914
dihedral 16083 16082 16084 16086 200 -0.04518486186861992
dihedral 16099 16098 16100 16102 200 -0.6119926571846008
dihedral 16116 16115 16117 16119 200 -0.7544049024581909
dihedral 16127 16126 16128 16130 200 -1.737844705581665
dihedral 16138 16137 16139 16141 200 0.12873761355876923
dihedral 16145 16144 16146 16148 200 -0.08637970685958862
dihedral 16164 16163 16165 16167 200 -1.1652024984359741
dihedral 16175 16174 16176 16178 200 -1.562805414199829
dihedral 16191 16190 16192 16194 200 -0.8545690178871155
dihedral 16206 16205 16207 16209 200 -1.6946651935577393
dihedral 16226 16225 16227 16229 200 5.563960075378418
dihedral 16237 16236 16238 16240 200 4.97202730178833
dihedral 16248 16247 16249 16251 200 3.0281293392181396
dihedral 16265 16264 16266 16268 200 4.1178741455078125
dihedral 16284 16283 16285 16287 200 23.430871963500977
dihedral 16298 16297 16299 16301 200 -0.07541896402835846
dihedral 16322 16321 16323 16325 200 -0.09588464349508286
dihedral 16332 16331 16333 16335 200 -0.13971832394599915
dihedral 16352 16351 16353 16355 200 -0.07914475351572037
dihedral 16366 16365 16367 16369 200 -0.052704617381095886
dihedral 16382 16381 16383 16385 200 -0.03840910643339157
dihedral 16393 16392 16394 16396 200 -0.033289484679698944
dihedral 16410 16409 16411 16413 200 -0.029856527224183083
dihedral 16432 16431 16433 16435 200 13.373045921325684
dihedral 16439 16438 16440 16442 200 0.031186778098344803
dihedral 16450 16449 16451 16453 200 0.007122935261577368
dihedral 16474 16473 16475 16477 200 -0.03961486369371414
dihedral 16490 16489 16491 16493 200 0.062291085720062256
dihedral 16505 16504 16506 16508 200 0.03073415346443653
dihedral 16529 16528 16530 16532 200 0.05487625673413277
dihedral 16539 16538 16540 16542 200 0.10184793174266815
dihedral 16554 16553 16555 16557 200 0.06768221408128738
dihedral 16569 16568 16570 16572 200 0.09910726547241211
dihedral 16579 16578 16580 16582 200 0.02193491905927658
dihedral 16598 16597 16599 16601 200 0.09260737150907516
dihedral 16608 16607 16609 16611 200 -0.22776012122631073
dihedral 16625 16624 16626 16628 200 -0.17405113577842712
dihedral 16642 16641 16643 16645 200 0.032174840569496155
dihedral 16649 16648 16650 16652 200 -0.16173158586025238
dihedral 16660 16659 16661 16663 200 -0.07791661471128464
dihedral 16671 16670 16672 16674 200 -0.19179031252861023
dihedral 16687 16686 16688 16690 200 0.0990738645195961
dihedral 16707 16706 16708 16710 200 0.04237784072756767
dihedral 16718 16717 16719 16721 200 0.14342890679836273
dihedral 16725 16724 16726 16728 200 0.022389166057109833
dihedral 16744 16743 16745 16747 200 0.09892760962247849
dihedral 16758 16757 16759 16761 200 0.014678009785711765
dihedral 16777 16776 16778 16780 200 -0.029436087235808372
dihedral 16791 16790 16792 16794 200 -3.0886645317077637
dihedral 16813 16812 16814 16816 200 -0.41001975536346436
dihedral 16833 16832 16834 16836 200 -1.4877967834472656
dihedral 16840 16839 16841 16843 200 -1.4019293785095215
dihedral 16847 16846 16848 16850 200 -0.8035156726837158
dihedral 16866 16865 16867 16869 200 -5.397876262664795
dihedral 16882 16881 16883 16885 200 0.06028585135936737
dihedral 16898 16897 16899 16901 200 -0.06438349932432175
dihedral 16917 16916 16918 16920 200 -0.08380250632762909
dihedral 16927 16926 16928 16930 200 -0.06166037544608116
dihedral 16947 16946 16948 16950 200 0.01101092528551817
dihedral 16957 16956 16958 16960 200 0.0219267588108778
dihedral 16979 16978 16980 16982 200 -0.017443222925066948
dihedral 16990 16989 16991 16993 200 -0.08234386891126633
dihedral 17007 17006 17008 17010 200 -0.08572380244731903
dihedral 17026 17025 17027 17029 200 0.016077524051070213
dihedral 17046 17045 17047 17049 200 0.01028459332883358
dihedral 17063 17062 17064 17066 200 0.07555845379829407
dihedral 17082 17081 17083 17085 200 0.06507663428783417
dihedral 17102 17101 17103 17105 200 0.03802803158760071
dihedral 17123 17122 17124 17126 200 -0.053961578756570816
dihedral 17143 17142 17144 17146 200 0.03346711024641991
dihedral 17167 17166 17168 17170 200 -1.9479320049285889
dihedral 17184 17183 17185 17187 200 -2.942065477371216
dihedral 17205 17204 17206 17208 200 3.0956037044525146
dihedral 17224 17223 17225 17227 200 -0.8243193030357361
dihedral 17234 17233 17235 17237 200 -0.830795168876648
dihedral 17251 17250 17252 17254 200 -0.789726734161377
dihedral 17267 17266 17268 17270 200 0.08308751881122589
dihedral 17286 17285 17287 17289 200 0.033135898411273956
dihedral 17305 17304 17306 17308 200 0.017270149663090706
dihedral 17312 17311 17313 17315 200 0.05663466826081276
dihedral 17322 17321 17323 17325 200 -0.011890184134244919
dihedral 17336 17335 17337 17339 200 -0.01777656376361847
dihedral 17353 17352 17354 17356 200 -0.07713739573955536
dihedral 17360 17359 17361 17363 200 -0.036153778433799744
dihedral 17379 17378 17380 17382 200 -0.12999318540096283
dihedral 17398 17397 17399 17401 200 -0.13194440305233002
dihedral 17418 17417 17419 17421 200 -0.10753908008337021
dihedral 17437 17436 17438 17442 200 -0.14031147956848145
dihedral 17451 17450 17452 17454 200 -0.07340686023235321
dihedral 17467 17466 17468 17470 200 -0.09094938635826111
dihedral 17486 17485 17487 17489 200 -0.12994983792304993
dihedral 17505 17504 17506 17508 200 -0.009886963292956352
dihedral 17516 17515 17517 17519 200 0.04494286701083183
dihedral 17537 17536 17538 17540 200 -0.17256276309490204
